{
 "cells": [
  {
   "cell_type": "code",
   "execution_count": 1,
   "id": "41b6b208",
   "metadata": {},
   "outputs": [],
   "source": [
    "import pandas as pd\n",
    "import numpy as np\n",
    "import sklearn as sk \n",
    "from scipy.stats import pearsonr, spearmanr, kendalltau\n",
    "from sklearn.model_selection import train_test_split\n",
    "from sklearn.tree import DecisionTreeClassifier , plot_tree\n",
    "from sklearn.model_selection import GridSearchCV\n",
    "from sklearn.metrics import roc_auc_score\n",
    "import matplotlib.pyplot as plt"
   ]
  },
  {
   "cell_type": "code",
   "execution_count": 2,
   "id": "fb8dd62d",
   "metadata": {},
   "outputs": [],
   "source": [
    "df = pd.read_csv(r'C:\\Users\\Varshith\\Desktop\\homeworks\\Emory_HW\\ML\\hw3\\loan_default.csv')"
   ]
  },
  {
   "cell_type": "code",
   "execution_count": 3,
   "id": "9ac0ca76",
   "metadata": {},
   "outputs": [
    {
     "name": "stderr",
     "output_type": "stream",
     "text": [
      "C:\\Users\\Varshith\\AppData\\Local\\Temp\\ipykernel_26072\\1990223025.py:12: FutureWarning: The default value of regex will change from True to False in a future version. In addition, single character regular expressions will *not* be treated as literal strings when regex=True.\n",
      "  df['emp_length'] = df['emp_length'].str.replace('+', '')\n"
     ]
    }
   ],
   "source": [
    "df['term'] = df['term'].apply(lambda x: 1 if x == ' 60 months' else 0)\n",
    "\n",
    "grade_mapping = {'A': 7, 'B': 6, 'C': 5, 'D': 4, 'E': 3, 'F': 2, 'G': 1 }\n",
    "df['grade'] = df['grade'].replace(grade_mapping)\n",
    "df['grade'] = df['grade'].astype(int)\n",
    "\n",
    "df['emp_length'] = df['emp_length'].str.replace('<', '')\n",
    "df['emp_length'] = df['emp_length'].str.replace(' years', '')\n",
    "df['emp_length'] = df['emp_length'].str.replace(' year', '')\n",
    "df['emp_length'] = df['emp_length'].str.replace('n/a', '')\n",
    "df['emp_length'] = df['emp_length'].str.replace(' ', '')\n",
    "df['emp_length'] = df['emp_length'].str.replace('+', '')\n",
    "df['emp_length'] = df['emp_length'].apply(lambda x: 10 if x == \"\" else x)\n",
    "df['emp_length'] = df['emp_length'].fillna(0)\n",
    "df['emp_length'] = df['emp_length'].astype(int)\n",
    "\n",
    "df['home_ownership'] = df['home_ownership'].astype(str)\n",
    "df['home_ownership'] = df['home_ownership'].apply(lambda x: 1 if x in ['OWN', 'MORTGAGE'] else 0)\n",
    "df['home_ownership'] = df['home_ownership'].astype(int)\n",
    "\n",
    "df['verification_status'] = df['verification_status'].apply(lambda x: 1 if x in ['Verified', 'Source Verified'] else 0)\n",
    "\n",
    "df['purpose'] = df['purpose'].astype(str)\n",
    "df['purpose'] = df['purpose'].replace({\n",
    "    'home_improvement': 1, 'other': 1, 'moving': 1, 'vacation': 1,\n",
    "    'major_purchase': 1, 'small_business': 1, 'car': 1, 'medical': 1,\n",
    "    'house': 1, 'renewable_energy': 1, 'wedding': 1\n",
    "})\n",
    "\n",
    "df['purpose'] = df['purpose'].apply(lambda x: 1 if x == 1 else 0)\n",
    "df['purpose'] = df['purpose'].astype(int)\n",
    "\n",
    "df['earliest_cr_line'] = pd.to_datetime(df['earliest_cr_line'], format='%d-%m-%Y').dt.year"
   ]
  },
  {
   "cell_type": "code",
   "execution_count": 4,
   "id": "39ef9e4e",
   "metadata": {
    "scrolled": true
   },
   "outputs": [],
   "source": [
    "df = df.drop([\"earliest_cr_line\"], axis = 1)\n",
    "# df = df.sample(frac = 1)"
   ]
  },
  {
   "cell_type": "code",
   "execution_count": 5,
   "id": "4d859acc",
   "metadata": {},
   "outputs": [
    {
     "data": {
      "text/plain": [
       "pandas.core.frame.DataFrame"
      ]
     },
     "execution_count": 5,
     "metadata": {},
     "output_type": "execute_result"
    }
   ],
   "source": [
    "train, test = train_test_split(df, test_size=0.15, random_state=42) \n",
    "train, val = train_test_split(train, test_size=0.15, random_state=42)\n",
    "type(train)"
   ]
  },
  {
   "cell_type": "code",
   "execution_count": 6,
   "id": "3bd2ad11",
   "metadata": {},
   "outputs": [],
   "source": [
    "def compute_correlation(x, corrtype):\n",
    "    x1 = pd.DataFrame(x)\n",
    "    coef_matrix = x1.corr(method= corrtype)\n",
    "    return np.array(coef_matrix)"
   ]
  },
  {
   "cell_type": "code",
   "execution_count": 7,
   "id": "e6413bd4",
   "metadata": {},
   "outputs": [
    {
     "name": "stdout",
     "output_type": "stream",
     "text": [
      "class                         1.000000\n",
      "recoveries                    0.582274\n",
      "int_rate                      0.219313\n",
      "term                          0.150743\n",
      "dti                           0.132389\n",
      "revol_util                    0.091166\n",
      "verification_status           0.080341\n",
      "inq_last_6mths                0.066141\n",
      "loan_amnt                     0.034826\n",
      "delinq_2yrs                   0.029103\n",
      "installment                   0.029060\n",
      "acc_now_delinq                0.021266\n",
      "tot_coll_amt                  0.009997\n",
      "revol_bal                     0.009458\n",
      "collections_12_mths_ex_med    0.009239\n",
      "open_acc                      0.004161\n",
      "pub_rec                      -0.007845\n",
      "purpose                      -0.031065\n",
      "total_acc                    -0.045733\n",
      "tot_cur_bal                  -0.047766\n",
      "emp_length                   -0.051849\n",
      "total_rev_hi_lim             -0.056563\n",
      "home_ownership               -0.058323\n",
      "id                           -0.059416\n",
      "annual_inc                   -0.116646\n",
      "grade                        -0.231880\n",
      "Name: class, dtype: float64\n"
     ]
    }
   ],
   "source": [
    "corr_matrix_train = df.corr(method='kendall')\n",
    "matrix_train=corr_matrix_train[\"class\"].sort_values(ascending=False)\n",
    "print(matrix_train)"
   ]
  },
  {
   "cell_type": "code",
   "execution_count": 8,
   "id": "6db182fa",
   "metadata": {},
   "outputs": [],
   "source": [
    "X = train.drop(['class'],axis=1)\n",
    "x = train.drop(['class'], axis=1).values\n",
    "y = train['class'].values\n",
    "x_val = val.drop(['class'], axis=1).values\n",
    "y_val = val['class'].values\n",
    "x_test = test.drop(['class'], axis=1).values\n",
    "y_test = test['class'].values"
   ]
  },
  {
   "cell_type": "code",
   "execution_count": 9,
   "id": "cb887490",
   "metadata": {},
   "outputs": [
    {
     "name": "stdout",
     "output_type": "stream",
     "text": [
      "[[ 1.00000000e+00 -2.56520864e-03  4.72959347e-02 -6.61432235e-02\n",
      "  -2.18599738e-02 -1.31153005e-02  3.39554585e-03 -1.28673042e-02\n",
      "   2.81392960e-02  1.52152022e-02  2.71607181e-02  9.27900489e-03\n",
      "   3.39014327e-02 -9.90332667e-03  2.32952522e-02  8.41442716e-02\n",
      "  -4.54915579e-02 -8.05928632e-02  2.84387236e-02 -8.68501495e-02\n",
      "   2.37241187e-02  3.81163977e-02  3.88288043e-02  8.64811185e-03\n",
      "   3.49639827e-03 -4.53262209e-02]\n",
      " [-2.56520864e-03  1.00000000e+00  3.54668284e-01  9.37662296e-02\n",
      "   8.75933368e-01 -9.61201034e-02  7.09922048e-02  1.20493675e-01\n",
      "   3.38552993e-01  2.75115711e-01 -1.81285695e-01  3.72621839e-02\n",
      "   5.12154510e-03  2.86865003e-02  1.56536120e-01 -1.04905671e-01\n",
      "   3.53751618e-01  9.02467370e-02  1.55357804e-01  5.54237531e-02\n",
      "  -4.77735689e-02  6.48322878e-03 -4.33587510e-02  2.33706731e-01\n",
      "   3.05148827e-01  4.44914446e-02]\n",
      " [ 4.72959347e-02  3.54668284e-01  1.00000000e+00  3.66877413e-01\n",
      "   2.00224469e-01 -4.08122949e-01  5.30727577e-02  7.80769913e-02\n",
      "   1.25142883e-01  2.95099087e-01 -3.60235875e-02  8.15440846e-02\n",
      "  -3.83946283e-03  1.91810697e-02  9.05567727e-02 -3.09057451e-02\n",
      "   1.45113671e-01  6.64303961e-02  8.63634763e-02  9.97018100e-02\n",
      "  -1.50593447e-02  2.74553285e-02 -1.84585589e-03  1.62255924e-01\n",
      "   1.15680026e-01  1.74562959e-01]\n",
      " [-6.61432235e-02  9.37662296e-02  3.66877413e-01  1.00000000e+00\n",
      "   9.59606599e-02 -8.60841753e-01 -1.05025098e-02 -9.15503750e-02\n",
      "  -5.41429481e-02  1.94078155e-01  8.36494523e-02  9.16713028e-02\n",
      "   3.78235102e-02  1.86631764e-01 -7.50823350e-03  2.45153705e-02\n",
      "   1.72026934e-02  2.10877938e-01 -4.91931585e-02  1.53025796e-01\n",
      "   1.05966486e-02  2.95178180e-02  2.35883029e-03 -5.53766863e-02\n",
      "  -1.36019502e-01  2.16089761e-01]\n",
      " [-2.18599738e-02  8.75933368e-01  2.00224469e-01  9.59606599e-02\n",
      "   1.00000000e+00 -8.94539330e-02  6.48497195e-02  9.83658266e-02\n",
      "   3.19090004e-01  2.44509605e-01 -1.77460459e-01  3.25849199e-02\n",
      "   1.07754029e-02  4.70181785e-02  1.46855913e-01 -1.01714541e-01\n",
      "   3.39929947e-01  1.05905183e-01  1.39933653e-01  5.47579465e-02\n",
      "  -4.81372269e-02  6.01409998e-03 -4.47613938e-02  2.02293217e-01\n",
      "   2.78060121e-01  3.36794173e-02]\n",
      " [-1.31153005e-02 -9.61201034e-02 -4.08122949e-01 -8.60841753e-01\n",
      "  -8.94539330e-02  1.00000000e+00  1.06390370e-02  9.55834194e-02\n",
      "   4.93527113e-02 -2.04117093e-01 -1.00742462e-01 -1.05136910e-01\n",
      "  -5.36504524e-02 -1.93774079e-01  4.79830552e-03 -4.48172928e-02\n",
      "  -1.12974802e-03 -2.05188221e-01  4.49017383e-02 -1.55613163e-01\n",
      "  -1.18754624e-02 -4.04476090e-02 -1.46604720e-02  5.09879995e-02\n",
      "   1.49409080e-01 -2.36000113e-01]\n",
      " [ 3.39554585e-03  7.09922048e-02  5.30727577e-02 -1.05025098e-02\n",
      "   6.48497195e-02  1.06390370e-02  1.00000000e+00  1.17308053e-01\n",
      "   1.04913120e-01 -2.08403073e-03 -4.47390165e-03 -8.90808493e-03\n",
      "   4.36690430e-02  3.89438528e-03  1.84796760e-02  1.68781063e-02\n",
      "   6.65969533e-02  7.17292910e-03  7.52335985e-02 -3.79583212e-03\n",
      "  -9.51644035e-03  1.69632220e-03  1.91462129e-02  6.74652911e-02\n",
      "   6.59038822e-02 -5.00893755e-02]\n",
      " [-1.28673042e-02  1.20493675e-01  7.80769913e-02 -9.15503750e-02\n",
      "   9.83658266e-02  9.55834194e-02  1.17308053e-01  1.00000000e+00\n",
      "   1.96854049e-01  5.27790619e-02  1.30805742e-02 -7.40624455e-03\n",
      "   3.27881964e-02  6.24997784e-02  1.05634983e-01 -1.42520905e-02\n",
      "   1.23140640e-01 -1.07055857e-02  1.61849451e-01 -7.01415261e-03\n",
      "  -1.07244233e-02  1.36519958e-02  3.78259757e-02  4.74480966e-01\n",
      "   1.42269497e-01 -5.16315465e-02]\n",
      " [ 2.81392960e-02  3.38552993e-01  1.25142883e-01 -5.41429481e-02\n",
      "   3.19090004e-01  4.93527113e-02  1.04913120e-01  1.96854049e-01\n",
      "   1.00000000e+00  7.09476409e-02  8.15509325e-03 -1.50559717e-01\n",
      "   1.03237572e-01  4.45602178e-02  1.54523657e-01 -6.73307837e-02\n",
      "   2.59785046e-01  4.61345657e-02  2.26110761e-01 -5.38130326e-02\n",
      "   7.25170546e-04  8.37034356e-03  1.55293526e-02  3.86250177e-01\n",
      "   2.65796084e-01 -1.14974260e-01]\n",
      " [ 1.52152022e-02  2.75115711e-01  2.95099087e-01  1.94078155e-01\n",
      "   2.44509605e-01 -2.04117093e-01 -2.08403073e-03  5.27790619e-02\n",
      "   7.09476409e-02  1.00000000e+00 -3.60116320e-02  1.31918765e-01\n",
      "   1.27624542e-02  3.47789333e-02  6.58738995e-02  5.84402356e-02\n",
      "   1.39387209e-01  8.30258699e-02  7.70595915e-02  3.20085828e-02\n",
      "   4.11751278e-02  2.59710955e-03 -1.05897288e-02  8.61584883e-02\n",
      "   8.69153295e-02  8.58488341e-02]\n",
      " [ 2.71607181e-02 -1.81285695e-01 -3.60235875e-02  8.36494523e-02\n",
      "  -1.77460459e-01 -1.00742462e-01 -4.47390165e-03  1.30805742e-02\n",
      "   8.15509325e-03 -3.60116320e-02  1.00000000e+00 -1.32711242e-01\n",
      "   3.45508156e-02  3.28676036e-02 -9.22910458e-02  1.82524227e-02\n",
      "  -1.60056885e-01 -1.06533319e-01 -5.68955903e-02 -2.44001329e-02\n",
      "  -4.23968431e-03  4.70627016e-03  3.97517536e-02 -3.17918862e-02\n",
      "  -8.74839676e-02 -4.88123204e-02]\n",
      " [ 9.27900489e-03  3.72621839e-02  8.15440846e-02  9.16713028e-02\n",
      "   3.25849199e-02 -1.05136910e-01 -8.90808493e-03 -7.40624455e-03\n",
      "  -1.50559717e-01  1.31918765e-01 -1.32711242e-01  1.00000000e+00\n",
      "   6.60970294e-04  3.71939455e-02  2.02183525e-01 -4.75306453e-02\n",
      "   1.61094962e-01  1.12655509e-01  1.39246158e-01  5.18303867e-02\n",
      "   3.18259753e-02  1.35947916e-02 -3.02217319e-02  7.58998006e-02\n",
      "   8.92361749e-02  1.32635441e-01]\n",
      " [ 3.39014327e-02  5.12154510e-03 -3.83946283e-03  3.78235102e-02\n",
      "   1.07754029e-02 -5.36504524e-02  4.36690430e-02  3.27881964e-02\n",
      "   1.03237572e-01  1.27624542e-02  3.45508156e-02  6.60970294e-04\n",
      "   1.00000000e+00  2.99150078e-02  6.07886185e-02 -5.86241012e-02\n",
      "  -5.02757983e-02 -3.51806153e-02  1.21342505e-01 -9.78119850e-03\n",
      "   4.87502772e-02  1.44348419e-01  4.00035859e-02  8.35139885e-02\n",
      "  -3.78881982e-02  3.00032682e-02]\n",
      " [-9.90332667e-03  2.86865003e-02  1.91810697e-02  1.86631764e-01\n",
      "   4.70181785e-02 -1.93774079e-01  3.89438528e-03  6.24997784e-02\n",
      "   4.45602178e-02  3.47789333e-02  3.28676036e-02  3.71939455e-02\n",
      "   2.99150078e-02  1.00000000e+00  8.74664306e-02  1.50858969e-02\n",
      "  -1.79207315e-02 -5.86648076e-02  1.05050222e-01  5.20564066e-02\n",
      "  -1.27516385e-02  2.62317585e-02  3.28722508e-02  6.22410840e-02\n",
      "   1.52011154e-02  6.66532357e-02]\n",
      " [ 2.32952522e-02  1.56536120e-01  9.05567727e-02 -7.50823350e-03\n",
      "   1.46855913e-01  4.79830552e-03  1.84796760e-02  1.05634983e-01\n",
      "   1.54523657e-01  6.58738995e-02 -9.22910458e-02  2.02183525e-01\n",
      "   6.07886185e-02  8.74664306e-02  1.00000000e+00 -5.09912731e-02\n",
      "   2.74761367e-01 -8.35623034e-02  4.77412968e-01 -1.05698405e-02\n",
      "   1.30868655e-02  2.11199451e-02 -2.28376194e-03  2.33701110e-01\n",
      "   3.57418100e-01 -3.24093313e-03]\n",
      " [ 8.41442716e-02 -1.04905671e-01 -3.09057451e-02  2.45153705e-02\n",
      "  -1.01714541e-01 -4.48172928e-02  1.68781063e-02 -1.42520905e-02\n",
      "  -6.73307837e-02  5.84402356e-02  1.82524227e-02 -4.75306453e-02\n",
      "  -5.86241012e-02  1.50858969e-02 -5.09912731e-02  1.00000000e+00\n",
      "  -1.76429811e-01 -8.62945039e-02  6.33814445e-03 -3.39668591e-02\n",
      "   1.91272288e-02  3.03468200e-02  9.65055721e-02 -8.07578949e-02\n",
      "  -1.53055904e-01 -3.42904339e-03]\n",
      " [-4.54915579e-02  3.53751618e-01  1.45113671e-01  1.72026934e-02\n",
      "   3.39929947e-01 -1.12974802e-03  6.65969533e-02  1.23140640e-01\n",
      "   2.59785046e-01  1.39387209e-01 -1.60056885e-01  1.61094962e-01\n",
      "  -5.02757983e-02 -1.79207315e-02  2.74761367e-01 -1.76429811e-01\n",
      "   1.00000000e+00  2.73744053e-01  1.93162755e-01  2.25567846e-02\n",
      "  -3.98458181e-02 -2.13832472e-02 -1.12716189e-01  2.61652319e-01\n",
      "   6.04190979e-01  1.18071594e-02]\n",
      " [-8.05928632e-02  9.02467370e-02  6.64303961e-02  2.10877938e-01\n",
      "   1.05905183e-01 -2.05188221e-01  7.17292910e-03 -1.07055857e-02\n",
      "   4.61345657e-02  8.30258699e-02 -1.06533319e-01  1.12655509e-01\n",
      "  -3.51806153e-02 -5.86648076e-02 -8.35623034e-02 -8.62945039e-02\n",
      "   2.73744053e-01  1.00000000e+00 -7.41135491e-02  6.80118376e-02\n",
      "  -3.21553818e-02 -2.26160677e-02 -9.75791917e-02  8.00210971e-02\n",
      "  -1.18705579e-01  9.21260677e-02]\n",
      " [ 2.84387236e-02  1.55357804e-01  8.63634763e-02 -4.91931585e-02\n",
      "   1.39933653e-01  4.49017383e-02  7.52335985e-02  1.61849451e-01\n",
      "   2.26110761e-01  7.70595915e-02 -5.68955903e-02  1.39246158e-01\n",
      "   1.21342505e-01  1.05050222e-01  4.77412968e-01  6.33814445e-03\n",
      "   1.93162755e-01 -7.41135491e-02  1.00000000e+00 -4.87119011e-02\n",
      "   5.56533358e-03  1.72598440e-02  7.27018390e-03  2.83310778e-01\n",
      "   2.62080637e-01 -4.02926022e-02]\n",
      " [-8.68501495e-02  5.54237531e-02  9.97018100e-02  1.53025796e-01\n",
      "   5.47579465e-02 -1.55613163e-01 -3.79583212e-03 -7.01415261e-03\n",
      "  -5.38130326e-02  3.20085828e-02 -2.44001329e-02  5.18303867e-02\n",
      "  -9.78119850e-03  5.20564066e-02 -1.05698405e-02 -3.39668591e-02\n",
      "   2.25567846e-02  6.80118376e-02 -4.87119011e-02  1.00000000e+00\n",
      "  -1.27102452e-02  1.23544769e-02 -3.20989310e-04 -1.53868211e-02\n",
      "  -2.07416776e-02  5.78531909e-01]\n",
      " [ 2.37241187e-02 -4.77735689e-02 -1.50593447e-02  1.05966486e-02\n",
      "  -4.81372269e-02 -1.18754624e-02 -9.51644035e-03 -1.07244233e-02\n",
      "   7.25170546e-04  4.11751278e-02 -4.23968431e-03  3.18259753e-02\n",
      "   4.87502772e-02 -1.27516385e-02  1.30868655e-02  1.91272288e-02\n",
      "  -3.98458181e-02 -3.21553818e-02  5.56533358e-03 -1.27102452e-02\n",
      "   1.00000000e+00 -5.57008791e-03  1.75357964e-01 -2.02766137e-02\n",
      "  -2.25685543e-02  1.94424387e-03]\n",
      " [ 3.81163977e-02  6.48322878e-03  2.74553285e-02  2.95178180e-02\n",
      "   6.01409998e-03 -4.04476090e-02  1.69632220e-03  1.36519958e-02\n",
      "   8.37034356e-03  2.59710955e-03  4.70627016e-03  1.35947916e-02\n",
      "   1.44348419e-01  2.62317585e-02  2.11199451e-02  3.03468200e-02\n",
      "  -2.13832472e-02 -2.26160677e-02  1.72598440e-02  1.23544769e-02\n",
      "  -5.57008791e-03  1.00000000e+00 -8.25684732e-04  2.29294605e-02\n",
      "  -6.58119495e-03  1.58515971e-02]\n",
      " [ 3.88288043e-02 -4.33587510e-02 -1.84585589e-03  2.35883029e-03\n",
      "  -4.47613938e-02 -1.46604720e-02  1.91462129e-02  3.78259757e-02\n",
      "   1.55293526e-02 -1.05897288e-02  3.97517536e-02 -3.02217319e-02\n",
      "   4.00035859e-02  3.28722508e-02 -2.28376194e-03  9.65055721e-02\n",
      "  -1.12716189e-01 -9.75791917e-02  7.27018390e-03 -3.20989310e-04\n",
      "   1.75357964e-01 -8.25684732e-04  1.00000000e+00 -6.58512055e-03\n",
      "  -7.19344829e-02  9.80839370e-03]\n",
      " [ 8.64811185e-03  2.33706731e-01  1.62255924e-01 -5.53766863e-02\n",
      "   2.02293217e-01  5.09879995e-02  6.74652911e-02  4.74480966e-01\n",
      "   3.86250177e-01  8.61584883e-02 -3.17918862e-02  7.58998006e-02\n",
      "   8.35139885e-02  6.22410840e-02  2.33701110e-01 -8.07578949e-02\n",
      "   2.61652319e-01  8.00210971e-02  2.83310778e-01 -1.53868211e-02\n",
      "  -2.02766137e-02  2.29294605e-02 -6.58512055e-03  1.00000000e+00\n",
      "   2.39628326e-01 -4.74458112e-02]\n",
      " [ 3.49639827e-03  3.05148827e-01  1.15680026e-01 -1.36019502e-01\n",
      "   2.78060121e-01  1.49409080e-01  6.59038822e-02  1.42269497e-01\n",
      "   2.65796084e-01  8.69153295e-02 -8.74839676e-02  8.92361749e-02\n",
      "  -3.78881982e-02  1.52011154e-02  3.57418100e-01 -1.53055904e-01\n",
      "   6.04190979e-01 -1.18705579e-01  2.62080637e-01 -2.07416776e-02\n",
      "  -2.25685543e-02 -6.58119495e-03 -7.19344829e-02  2.39628326e-01\n",
      "   1.00000000e+00 -5.26490959e-02]\n",
      " [-4.53262209e-02  4.44914446e-02  1.74562959e-01  2.16089761e-01\n",
      "   3.36794173e-02 -2.36000113e-01 -5.00893755e-02 -5.16315465e-02\n",
      "  -1.14974260e-01  8.58488341e-02 -4.88123204e-02  1.32635441e-01\n",
      "   3.00032682e-02  6.66532357e-02 -3.24093313e-03 -3.42904339e-03\n",
      "   1.18071594e-02  9.21260677e-02 -4.02926022e-02  5.78531909e-01\n",
      "   1.94424387e-03  1.58515971e-02  9.80839370e-03 -4.74458112e-02\n",
      "  -5.26490959e-02  1.00000000e+00]]\n"
     ]
    }
   ],
   "source": [
    "k =compute_correlation(train.values, 'kendall')\n",
    "print(k)"
   ]
  },
  {
   "cell_type": "code",
   "execution_count": 31,
   "id": "65903af3",
   "metadata": {},
   "outputs": [],
   "source": [
    "def rank_correlation(x, y):\n",
    "    corrs = []\n",
    "    for i in range(x.shape[1]):\n",
    "        corr,_ = pearsonr(x[:,i], y)\n",
    "        corrs.append(corr)\n",
    "    rank = np.argsort(np.abs(corrs))[::-1]\n",
    "    return rank"
   ]
  },
  {
   "cell_type": "code",
   "execution_count": 32,
   "id": "f3426116",
   "metadata": {
    "scrolled": true
   },
   "outputs": [
    {
     "data": {
      "text/plain": [
       "array([19,  3,  5,  2, 11,  8, 17,  9, 13, 24, 23,  0,  1,  6,  7, 10, 18,\n",
       "       12,  4, 16, 15, 22, 21, 14, 20], dtype=int64)"
      ]
     },
     "execution_count": 32,
     "metadata": {},
     "output_type": "execute_result"
    }
   ],
   "source": [
    "rank_correlation(x,y)"
   ]
  },
  {
   "cell_type": "code",
   "execution_count": 13,
   "id": "6b3c81a3",
   "metadata": {},
   "outputs": [
    {
     "data": {
      "text/html": [
       "<div>\n",
       "<style scoped>\n",
       "    .dataframe tbody tr th:only-of-type {\n",
       "        vertical-align: middle;\n",
       "    }\n",
       "\n",
       "    .dataframe tbody tr th {\n",
       "        vertical-align: top;\n",
       "    }\n",
       "\n",
       "    .dataframe thead th {\n",
       "        text-align: right;\n",
       "    }\n",
       "</style>\n",
       "<table border=\"1\" class=\"dataframe\">\n",
       "  <thead>\n",
       "    <tr style=\"text-align: right;\">\n",
       "      <th></th>\n",
       "      <th>id</th>\n",
       "      <th>loan_amnt</th>\n",
       "      <th>term</th>\n",
       "      <th>int_rate</th>\n",
       "      <th>installment</th>\n",
       "      <th>grade</th>\n",
       "      <th>emp_length</th>\n",
       "      <th>home_ownership</th>\n",
       "      <th>annual_inc</th>\n",
       "      <th>verification_status</th>\n",
       "      <th>...</th>\n",
       "      <th>pub_rec</th>\n",
       "      <th>revol_bal</th>\n",
       "      <th>revol_util</th>\n",
       "      <th>total_acc</th>\n",
       "      <th>recoveries</th>\n",
       "      <th>collections_12_mths_ex_med</th>\n",
       "      <th>acc_now_delinq</th>\n",
       "      <th>tot_coll_amt</th>\n",
       "      <th>tot_cur_bal</th>\n",
       "      <th>total_rev_hi_lim</th>\n",
       "    </tr>\n",
       "  </thead>\n",
       "  <tbody>\n",
       "    <tr>\n",
       "      <th>983</th>\n",
       "      <td>683915</td>\n",
       "      <td>12000</td>\n",
       "      <td>1</td>\n",
       "      <td>13.99</td>\n",
       "      <td>279.16</td>\n",
       "      <td>5</td>\n",
       "      <td>10</td>\n",
       "      <td>0</td>\n",
       "      <td>85000.0</td>\n",
       "      <td>1</td>\n",
       "      <td>...</td>\n",
       "      <td>0</td>\n",
       "      <td>155</td>\n",
       "      <td>1.1</td>\n",
       "      <td>34</td>\n",
       "      <td>0.00</td>\n",
       "      <td>0</td>\n",
       "      <td>0</td>\n",
       "      <td>0</td>\n",
       "      <td>322884</td>\n",
       "      <td>14500.0</td>\n",
       "    </tr>\n",
       "    <tr>\n",
       "      <th>2798</th>\n",
       "      <td>242107</td>\n",
       "      <td>7075</td>\n",
       "      <td>0</td>\n",
       "      <td>17.86</td>\n",
       "      <td>255.29</td>\n",
       "      <td>4</td>\n",
       "      <td>0</td>\n",
       "      <td>0</td>\n",
       "      <td>16906.8</td>\n",
       "      <td>1</td>\n",
       "      <td>...</td>\n",
       "      <td>0</td>\n",
       "      <td>2519</td>\n",
       "      <td>90.0</td>\n",
       "      <td>69</td>\n",
       "      <td>0.00</td>\n",
       "      <td>0</td>\n",
       "      <td>0</td>\n",
       "      <td>0</td>\n",
       "      <td>7937</td>\n",
       "      <td>2800.0</td>\n",
       "    </tr>\n",
       "    <tr>\n",
       "      <th>597</th>\n",
       "      <td>757145</td>\n",
       "      <td>19000</td>\n",
       "      <td>0</td>\n",
       "      <td>6.39</td>\n",
       "      <td>581.39</td>\n",
       "      <td>7</td>\n",
       "      <td>1</td>\n",
       "      <td>1</td>\n",
       "      <td>135000.0</td>\n",
       "      <td>1</td>\n",
       "      <td>...</td>\n",
       "      <td>0</td>\n",
       "      <td>39764</td>\n",
       "      <td>42.8</td>\n",
       "      <td>26</td>\n",
       "      <td>0.00</td>\n",
       "      <td>0</td>\n",
       "      <td>0</td>\n",
       "      <td>0</td>\n",
       "      <td>577189</td>\n",
       "      <td>93000.0</td>\n",
       "    </tr>\n",
       "    <tr>\n",
       "      <th>1977</th>\n",
       "      <td>145916</td>\n",
       "      <td>4600</td>\n",
       "      <td>0</td>\n",
       "      <td>19.05</td>\n",
       "      <td>168.74</td>\n",
       "      <td>4</td>\n",
       "      <td>3</td>\n",
       "      <td>1</td>\n",
       "      <td>150000.0</td>\n",
       "      <td>0</td>\n",
       "      <td>...</td>\n",
       "      <td>0</td>\n",
       "      <td>664</td>\n",
       "      <td>11.3</td>\n",
       "      <td>11</td>\n",
       "      <td>0.00</td>\n",
       "      <td>0</td>\n",
       "      <td>0</td>\n",
       "      <td>0</td>\n",
       "      <td>7409</td>\n",
       "      <td>5900.0</td>\n",
       "    </tr>\n",
       "    <tr>\n",
       "      <th>1376</th>\n",
       "      <td>759925</td>\n",
       "      <td>34675</td>\n",
       "      <td>0</td>\n",
       "      <td>6.68</td>\n",
       "      <td>1065.60</td>\n",
       "      <td>7</td>\n",
       "      <td>10</td>\n",
       "      <td>1</td>\n",
       "      <td>95000.0</td>\n",
       "      <td>1</td>\n",
       "      <td>...</td>\n",
       "      <td>0</td>\n",
       "      <td>7386</td>\n",
       "      <td>15.8</td>\n",
       "      <td>18</td>\n",
       "      <td>0.00</td>\n",
       "      <td>0</td>\n",
       "      <td>0</td>\n",
       "      <td>0</td>\n",
       "      <td>50279</td>\n",
       "      <td>46700.0</td>\n",
       "    </tr>\n",
       "    <tr>\n",
       "      <th>...</th>\n",
       "      <td>...</td>\n",
       "      <td>...</td>\n",
       "      <td>...</td>\n",
       "      <td>...</td>\n",
       "      <td>...</td>\n",
       "      <td>...</td>\n",
       "      <td>...</td>\n",
       "      <td>...</td>\n",
       "      <td>...</td>\n",
       "      <td>...</td>\n",
       "      <td>...</td>\n",
       "      <td>...</td>\n",
       "      <td>...</td>\n",
       "      <td>...</td>\n",
       "      <td>...</td>\n",
       "      <td>...</td>\n",
       "      <td>...</td>\n",
       "      <td>...</td>\n",
       "      <td>...</td>\n",
       "      <td>...</td>\n",
       "      <td>...</td>\n",
       "    </tr>\n",
       "    <tr>\n",
       "      <th>2206</th>\n",
       "      <td>121137</td>\n",
       "      <td>7200</td>\n",
       "      <td>0</td>\n",
       "      <td>10.64</td>\n",
       "      <td>234.50</td>\n",
       "      <td>6</td>\n",
       "      <td>4</td>\n",
       "      <td>1</td>\n",
       "      <td>67000.0</td>\n",
       "      <td>1</td>\n",
       "      <td>...</td>\n",
       "      <td>0</td>\n",
       "      <td>6475</td>\n",
       "      <td>37.6</td>\n",
       "      <td>11</td>\n",
       "      <td>902.27</td>\n",
       "      <td>0</td>\n",
       "      <td>0</td>\n",
       "      <td>0</td>\n",
       "      <td>333188</td>\n",
       "      <td>17200.0</td>\n",
       "    </tr>\n",
       "    <tr>\n",
       "      <th>2431</th>\n",
       "      <td>86891</td>\n",
       "      <td>16000</td>\n",
       "      <td>0</td>\n",
       "      <td>12.99</td>\n",
       "      <td>539.03</td>\n",
       "      <td>6</td>\n",
       "      <td>4</td>\n",
       "      <td>0</td>\n",
       "      <td>69900.0</td>\n",
       "      <td>0</td>\n",
       "      <td>...</td>\n",
       "      <td>0</td>\n",
       "      <td>14729</td>\n",
       "      <td>29.8</td>\n",
       "      <td>17</td>\n",
       "      <td>2577.28</td>\n",
       "      <td>0</td>\n",
       "      <td>0</td>\n",
       "      <td>0</td>\n",
       "      <td>15177</td>\n",
       "      <td>49400.0</td>\n",
       "    </tr>\n",
       "    <tr>\n",
       "      <th>818</th>\n",
       "      <td>143861</td>\n",
       "      <td>11625</td>\n",
       "      <td>0</td>\n",
       "      <td>21.00</td>\n",
       "      <td>437.98</td>\n",
       "      <td>3</td>\n",
       "      <td>10</td>\n",
       "      <td>1</td>\n",
       "      <td>96000.0</td>\n",
       "      <td>1</td>\n",
       "      <td>...</td>\n",
       "      <td>0</td>\n",
       "      <td>0</td>\n",
       "      <td>0.0</td>\n",
       "      <td>8</td>\n",
       "      <td>0.00</td>\n",
       "      <td>0</td>\n",
       "      <td>0</td>\n",
       "      <td>0</td>\n",
       "      <td>9873</td>\n",
       "      <td>6000.0</td>\n",
       "    </tr>\n",
       "    <tr>\n",
       "      <th>1042</th>\n",
       "      <td>188517</td>\n",
       "      <td>20050</td>\n",
       "      <td>1</td>\n",
       "      <td>22.95</td>\n",
       "      <td>564.65</td>\n",
       "      <td>2</td>\n",
       "      <td>1</td>\n",
       "      <td>1</td>\n",
       "      <td>46000.0</td>\n",
       "      <td>1</td>\n",
       "      <td>...</td>\n",
       "      <td>0</td>\n",
       "      <td>25846</td>\n",
       "      <td>77.2</td>\n",
       "      <td>48</td>\n",
       "      <td>0.00</td>\n",
       "      <td>0</td>\n",
       "      <td>0</td>\n",
       "      <td>0</td>\n",
       "      <td>161899</td>\n",
       "      <td>33474.0</td>\n",
       "    </tr>\n",
       "    <tr>\n",
       "      <th>1657</th>\n",
       "      <td>277546</td>\n",
       "      <td>23000</td>\n",
       "      <td>0</td>\n",
       "      <td>12.49</td>\n",
       "      <td>769.33</td>\n",
       "      <td>6</td>\n",
       "      <td>10</td>\n",
       "      <td>1</td>\n",
       "      <td>68500.0</td>\n",
       "      <td>1</td>\n",
       "      <td>...</td>\n",
       "      <td>0</td>\n",
       "      <td>24663</td>\n",
       "      <td>32.7</td>\n",
       "      <td>35</td>\n",
       "      <td>0.00</td>\n",
       "      <td>0</td>\n",
       "      <td>0</td>\n",
       "      <td>0</td>\n",
       "      <td>90410</td>\n",
       "      <td>75500.0</td>\n",
       "    </tr>\n",
       "  </tbody>\n",
       "</table>\n",
       "<p>2058 rows × 25 columns</p>\n",
       "</div>"
      ],
      "text/plain": [
       "          id  loan_amnt  term  int_rate  installment  grade  emp_length  \\\n",
       "983   683915      12000     1     13.99       279.16      5          10   \n",
       "2798  242107       7075     0     17.86       255.29      4           0   \n",
       "597   757145      19000     0      6.39       581.39      7           1   \n",
       "1977  145916       4600     0     19.05       168.74      4           3   \n",
       "1376  759925      34675     0      6.68      1065.60      7          10   \n",
       "...      ...        ...   ...       ...          ...    ...         ...   \n",
       "2206  121137       7200     0     10.64       234.50      6           4   \n",
       "2431   86891      16000     0     12.99       539.03      6           4   \n",
       "818   143861      11625     0     21.00       437.98      3          10   \n",
       "1042  188517      20050     1     22.95       564.65      2           1   \n",
       "1657  277546      23000     0     12.49       769.33      6          10   \n",
       "\n",
       "      home_ownership  annual_inc  verification_status  ...  pub_rec  \\\n",
       "983                0     85000.0                    1  ...        0   \n",
       "2798               0     16906.8                    1  ...        0   \n",
       "597                1    135000.0                    1  ...        0   \n",
       "1977               1    150000.0                    0  ...        0   \n",
       "1376               1     95000.0                    1  ...        0   \n",
       "...              ...         ...                  ...  ...      ...   \n",
       "2206               1     67000.0                    1  ...        0   \n",
       "2431               0     69900.0                    0  ...        0   \n",
       "818                1     96000.0                    1  ...        0   \n",
       "1042               1     46000.0                    1  ...        0   \n",
       "1657               1     68500.0                    1  ...        0   \n",
       "\n",
       "      revol_bal  revol_util  total_acc  recoveries  \\\n",
       "983         155         1.1         34        0.00   \n",
       "2798       2519        90.0         69        0.00   \n",
       "597       39764        42.8         26        0.00   \n",
       "1977        664        11.3         11        0.00   \n",
       "1376       7386        15.8         18        0.00   \n",
       "...         ...         ...        ...         ...   \n",
       "2206       6475        37.6         11      902.27   \n",
       "2431      14729        29.8         17     2577.28   \n",
       "818           0         0.0          8        0.00   \n",
       "1042      25846        77.2         48        0.00   \n",
       "1657      24663        32.7         35        0.00   \n",
       "\n",
       "      collections_12_mths_ex_med  acc_now_delinq  tot_coll_amt  tot_cur_bal  \\\n",
       "983                            0               0             0       322884   \n",
       "2798                           0               0             0         7937   \n",
       "597                            0               0             0       577189   \n",
       "1977                           0               0             0         7409   \n",
       "1376                           0               0             0        50279   \n",
       "...                          ...             ...           ...          ...   \n",
       "2206                           0               0             0       333188   \n",
       "2431                           0               0             0        15177   \n",
       "818                            0               0             0         9873   \n",
       "1042                           0               0             0       161899   \n",
       "1657                           0               0             0        90410   \n",
       "\n",
       "      total_rev_hi_lim  \n",
       "983            14500.0  \n",
       "2798            2800.0  \n",
       "597            93000.0  \n",
       "1977            5900.0  \n",
       "1376           46700.0  \n",
       "...                ...  \n",
       "2206           17200.0  \n",
       "2431           49400.0  \n",
       "818             6000.0  \n",
       "1042           33474.0  \n",
       "1657           75500.0  \n",
       "\n",
       "[2058 rows x 25 columns]"
      ]
     },
     "execution_count": 13,
     "metadata": {},
     "output_type": "execute_result"
    }
   ],
   "source": [
    "X"
   ]
  },
  {
   "cell_type": "code",
   "execution_count": 14,
   "id": "e40a9e64",
   "metadata": {},
   "outputs": [],
   "source": [
    "from sklearn.feature_selection import mutual_info_classif\n",
    "\n",
    "def rank_mutual(x, y):\n",
    "    mutual_info = mutual_info_classif(x, y)\n",
    "    rank = np.argsort(mutual_info)[::-1]\n",
    "    return rank"
   ]
  },
  {
   "cell_type": "code",
   "execution_count": 15,
   "id": "b010b667",
   "metadata": {},
   "outputs": [
    {
     "data": {
      "text/plain": [
       "array([19,  5,  3,  2, 21, 13, 17,  6,  4, 18, 11,  8, 12, 20,  1, 16,  0,\n",
       "       22,  7,  9, 10, 23, 14, 15, 24], dtype=int64)"
      ]
     },
     "execution_count": 15,
     "metadata": {},
     "output_type": "execute_result"
    }
   ],
   "source": [
    "rank_mutual(x,y)\n",
    "\n"
   ]
  },
  {
   "cell_type": "code",
   "execution_count": 16,
   "id": "b73d07af",
   "metadata": {},
   "outputs": [
    {
     "data": {
      "text/plain": [
       "array([[7.64032e+05, 3.75000e+03, 0.00000e+00, ..., 0.00000e+00,\n",
       "        1.13280e+04, 1.90000e+04],\n",
       "       [1.91085e+05, 1.20000e+04, 0.00000e+00, ..., 0.00000e+00,\n",
       "        1.05210e+04, 2.29000e+04],\n",
       "       [3.50611e+05, 2.00000e+04, 1.00000e+00, ..., 0.00000e+00,\n",
       "        1.85031e+05, 9.20000e+03],\n",
       "       ...,\n",
       "       [1.50066e+05, 9.60000e+03, 0.00000e+00, ..., 0.00000e+00,\n",
       "        2.37141e+05, 3.54000e+04],\n",
       "       [3.26606e+05, 2.50000e+03, 0.00000e+00, ..., 0.00000e+00,\n",
       "        2.94190e+04, 1.41000e+04],\n",
       "       [8.42240e+04, 2.00000e+04, 1.00000e+00, ..., 7.80000e+01,\n",
       "        3.89790e+04, 9.10000e+03]])"
      ]
     },
     "execution_count": 16,
     "metadata": {},
     "output_type": "execute_result"
    }
   ],
   "source": [
    "x_val"
   ]
  },
  {
   "cell_type": "code",
   "execution_count": 17,
   "id": "4a63755b",
   "metadata": {},
   "outputs": [],
   "source": [
    "import numpy as np\n",
    "from sklearn.tree import DecisionTreeClassifier\n",
    "from sklearn.model_selection import GridSearchCV\n",
    "from sklearn.metrics import roc_auc_score\n",
    "\n",
    "def tune_dt(x, y, dparams, lsparams):\n",
    "\n",
    "        dt = DecisionTreeClassifier()\n",
    "        param_grid = {\n",
    "            'max_depth': dparams,\n",
    "            'min_samples_leaf': lsparams\n",
    "        }\n",
    "\n",
    "        grid_search = GridSearchCV(dt, param_grid, scoring='roc_auc', cv=5)\n",
    "        grid_search.fit(x, y)\n",
    "        auc_scores = grid_search.cv_results_['mean_test_score'].reshape(len(depths), len(min_leaf_samples))\n",
    "        mean_test_auc = grid_search.cv_results_['mean_test_score']  # Mean AUC scores for each parameter combination\n",
    "        params = grid_search.cv_results_['params']  # Parameters corresponding to each AUC score\n",
    "        best_depth = grid_search.best_params_['max_depth']\n",
    "        best_leaf_samples = grid_search.best_params_['min_samples_leaf']\n",
    "        best_auc = grid_search.best_score_\n",
    "        result_dict = {\n",
    "            \"best-depth\": best_depth,\n",
    "            \"best-leaf-samples\": best_leaf_samples,\n",
    "            \"best-auc\": best_auc,\n",
    "            \"auc-scores\": auc_scores\n",
    "        }\n",
    "\n",
    "        return result_dict"
   ]
  },
  {
   "cell_type": "code",
   "execution_count": 18,
   "id": "315dd20a",
   "metadata": {},
   "outputs": [
    {
     "data": {
      "text/plain": [
       "{'best-depth': 10,\n",
       " 'best-leaf-samples': 20,\n",
       " 'best-auc': 0.8039166666666668,\n",
       " 'auc-scores': array([[0.76794444, 0.76794444, 0.76794444, 0.76794444, 0.76794444],\n",
       "        [0.78060417, 0.78060417, 0.78010417, 0.78435417, 0.78627083],\n",
       "        [0.77852431, 0.76403819, 0.77095139, 0.78729861, 0.79868403],\n",
       "        [0.73971528, 0.76178125, 0.78062847, 0.79586111, 0.80391667],\n",
       "        [0.75990625, 0.74504167, 0.77454514, 0.789625  , 0.80391667]])}"
      ]
     },
     "execution_count": 18,
     "metadata": {},
     "output_type": "execute_result"
    }
   ],
   "source": [
    "depths = [2, 3, 5, 8, 10]\n",
    "min_leaf_samples = [3, 5, 10, 15, 20] \n",
    "result = tune_dt(x_val, y_val, depths, min_leaf_samples)\n",
    "auc_values = result['auc-scores']\n",
    "result"
   ]
  },
  {
   "cell_type": "code",
   "execution_count": 19,
   "id": "8204658a",
   "metadata": {},
   "outputs": [
    {
     "data": {
